PLAY #,OPP TEAM,ODK,OFF TEAM,QTR,OT #,SERIES,SERIES #,DN,DIST,YARD LN,FIELD ZONE,PLAY TYPE,RESULT,GN/LS,RUSHER PBP,RUSH DIRECTION,PASSER PBP,PASS DEPTH,PASS DIRECTION,PASS RESULT,PASS TARGET PBP,BROKEN UP BY PBP,INTERCEPTED BY PBP,HURRIED BY PBP,TACKLER1 PBP,TACKLER2 PBP,FUMBLE,FUMBLED BY PBP,FORCED BY PBP,RECOVER TEAM,RECOVERED BY PBP,RETURNER PBP,RETURN YDS,RETURN TO,KICKER PBP,KICK YDS,KICK TO,KICK RESULT,ON-SIDE KICK,PUNTER PBP,PUNT YDS,PUNT TO,PUNT RESULT,BLOCKED BY PBP,PK,FG DIST,FG RESULT,XP RESULT,2 PT RESULT,TAKEN BY,FIRST DOWN,TOUCHDOWN,NO PLAY,NULLIFIED,SAFETY,SERIES END,TIME STAMP,TIME LEFT,OFF SCORE,DEF SCORE,SCORE DIFF,TOL,OFF TOL,DEF TOL,PENALTY1,PEN TEAM1,AGAINST1,PENALTY2,PEN TEAM2,AGAINST2,PENALTY YDS
1,Mass.-Dartmouth,K,DA,1,,,,,,,,KO Rec,Return,,,,,,,,,,,,,,,,,,,Justin McMillia,0,14.0,Owen Quigley,51.0,14.0,Return,,,,,,,,,,,,,,,,,,,15:00,1800,0,0,0,3,3,3,,,,,,,
2,Mass.-Dartmouth,O,MAR,1,,1.0,1.0,0.0,10.0,-14.0,Coming Out,Pass,Complete,2.0,,,Alex Cohen,,,Complete,Deandre Wallace,,,,JP Mason,,,,,,,,,,,,,,,,,,,,,,,,,,,,,,,,14:58,1798,0,0,0,3,3,3,,,,,,,
3,Mass.-Dartmouth,O,MAR,1,,1.0,2.0,2.0,8.0,-16.0,Coming Out,Pass,Incomplete,0.0,,,Alex Cohen,,,Incomplete,Devin Tolbert,,,,Isaiah Cole,,,,,,,,,,,,,,,,,,,,,,,,,,,,,,,,14:58,1798,0,0,0,3,3,3,,,,,,,
4,Mass.-Dartmouth,O,MAR,1,,1.0,3.0,3.0,8.0,-16.0,Coming Out,Pass,Complete,57.0,,,Alex Cohen,,,Complete,Justin McMillia,,,,Isaiah Cole,Jonathan Bright,,,,,,,,,,,,,,,,,,,,,,,,,,,,,,,14:58,1798,0,0,0,3,3,3,,,,,,,
5,Mass.-Dartmouth,O,MAR,1,,1.0,4.0,1.0,10.0,27.0,Take A Shot,Run,Rush,0.0,Hayden Braga,,,,,,,,,,Javien Delgado,Mike Henricksen,,,,,,,,,,,,,,,,,,,,,,,,,,,,,,,14:58,1798,0,0,0,3,3,3,false start,MAR,,,,,5.0
6,Mass.-Dartmouth,O,MAR,1,,1.0,5.0,1.0,15.0,32.0,Take A Shot,Run,Rush,-3.0,Kahlil Bowens,,,,,,,,,,Marcus Elysee,Mike Henricksen,,,,,,,,,,,,,,,,,,,,,,,,,,,,,,,14:58,1798,0,0,0,3,3,3,,,,,,,
7,Mass.-Dartmouth,O,MAR,1,,1.0,6.0,2.0,18.0,35.0,Take A Shot,Pass,Incomplete,0.0,,,Deandre Wallace,,,Incomplete,Deandre Wallace,,,,TEAM,,,,,,,,,,,,,,,,,,,,,,,,,,,,,,,,14:58,1798,0,0,0,3,3,3,,,,,,,
8,Mass.-Dartmouth,O,MAR,1,,1.0,7.0,3.0,18.0,35.0,Take A Shot,Pass,Complete,10.0,,,Alex Cohen,,,Complete,Devin Tolbert,,,,Shane Meerbott,Winston DeLeon,,,,,,,,,,,,,,,,,,,,,,,,,,,,,,,14:58,1798,0,0,0,3,3,3,,,,,,,
9,Mass.-Dartmouth,O,MAR,1,,1.0,8.0,4.0,8.0,25.0,Take A Shot,Pass,Complete,23.0,,,Alex Cohen,,,Complete,Hayden Braga,,,,JP Mason,Winston DeLeon,,,,,,,,,,,,,,,,,,,,,,,,,,,,,,,14:58,1798,0,0,0,3,3,3,,,,,,,
10,Mass.-Dartmouth,O,MAR,1,,1.0,9.0,1.0,2.0,2.0,Red Zone Low,Run,Rush,2.0,Alex Cohen,,,,,,,,,,,,,,,,,,,,,,,,,,,,,,,,,,,,,True,,,,TD,14:58,1798,0,0,0,3,3,3,,,,,,,
11,Mass.-Dartmouth,K,MAR,1,,,,,,,,Extra Pt.,Good,,,,,,,,,,,,,,,,,,,,,,,,,,,,,,,,Drew Sinclair,,,Good,,,,,True,,,,11:31,1591,6,0,6,3,3,3,false start,MAR,,,,,4.0
12,Mass.-Dartmouth,K,MAR,1,,,,,,,,Extra Pt.,Good,,,,,,,,,,,,,,,,,,,,,,,,,,,,,,,,Drew Sinclair,,,Good,,,,,,,,,11:31,1591,6,0,6,3,3,3,,,,,,,
13,Mass.-Dartmouth,K,MAR,1,,,,,,,,KO,Return,,,,,,,,,,,,Donavian Johnso,Armstrong Antoi,,,,,,Jacob Gibbons,16,18.0,Lorenzo Chavez,63.0,2.0,Return,,,,,,,,,,,,,,,,,,,11:31,1591,7,0,7,3,3,3,,,,,,,
14,Mass.-Dartmouth,D,DA,1,,1.0,1.0,0.0,10.0,-18.0,Coming Out,Pass,Complete,40.0,,,Dante Aviles-Sa,,,Complete,Easten Coleman,,,,Nate Markelon,,,,,,,,,,,,,,,,,,,,,,,,,,,,,,,,11:23,1583,0,7,7,3,3,3,,,,,,,
15,Mass.-Dartmouth,D,DA,1,,1.0,2.0,1.0,10.0,42.0,Go Zone,Pass,Incomplete,0.0,,,Dante Aviles-Sa,,,Incomplete,Isaiah Cole,,,,Jeffrey Lubin,,,,,,,,,,,,,,,,,,,,,,,,,,,,,,,,11:23,1583,0,7,7,3,3,3,,,,,,,5.0
16,Mass.-Dartmouth,D,DA,1,,1.0,3.0,1.0,15.0,47.0,Go Zone,Pass,Incomplete,0.0,,,Dante Aviles-Sa,,,Incomplete,Antonio Brown,,,,Lamar Wilkes,,,,,,,,,,,,,,,,,,,,,,,,,,,,,,,,11:23,1583,0,7,7,3,3,3,,,,,,,
17,Mass.-Dartmouth,D,DA,1,,1.0,4.0,2.0,15.0,47.0,Go Zone,Pass,Complete,15.0,,,Dante Aviles-Sa,,,Complete,Isaiah Cole,,,,Nate Markelon,,,,,,,,,,,,,,,,,,,,,,,,,,,,,,,,11:23,1583,0,7,7,3,3,3,holding,MAR,,,,,
18,Mass.-Dartmouth,,DA,1,,,,1.0,10.0,32.0,Take A Shot,Timeout,Timeout,,,,,,,,,,,,,,,,,,,,,,,,,,,,,,,,,,,,,Mass.-Dartmouth,,,,,,,11:23,1583,0,7,7,3,3,3,,,,,,,
19,Mass.-Dartmouth,D,DA,1,,1.0,5.0,1.0,10.0,32.0,Take A Shot,Run,Rush,4.0,Marvens Jean,,,,,,,,,,Terrence Jackso,Kyle Couto,,,,,,,,,,,,,,,,,,,,,,,,,,,,,,,10:35,1535,0,7,7,3,2,3,,,,,,,
20,Mass.-Dartmouth,D,DA,1,,1.0,6.0,2.0,6.0,28.0,Take A Shot,Run,Rush,3.0,Marvens Jean,,,,,,,,,,Ben Krause,Alvin Martin,,,,,,,,,,,,,,,,,,,,,,,,,,,,,,,10:35,1535,0,7,7,3,2,3,,,,,,,
21,Mass.-Dartmouth,D,DA,1,,1.0,7.0,3.0,3.0,25.0,Take A Shot,Run,Rush,5.0,Marvens Jean,,,,,,,,,,Gabriel Mendez,,,,,,,,,,,,,,,,,,,,,,,,,,,,,,,,10:35,1535,0,7,7,3,2,3,,,,,,,
22,Mass.-Dartmouth,D,DA,1,,1.0,8.0,1.0,10.0,20.0,Red Zone High,Pass,Incomplete,0.0,,,Dante Aviles-Sa,,,Incomplete,Jonathan Bright,,,,,,,,,,,,,,,,,,,,,,,,,,,,,,,,,,,,10:35,1535,0,7,7,3,2,3,,,,,,,
23,Mass.-Dartmouth,D,DA,1,,1.0,9.0,2.0,10.0,20.0,Red Zone High,Run,Rush,2.0,Jalyn Aponte,,,,,,,,,,Terrence Jackso,Jordan Martin,,,,,,,,,,,,,,,,,,,,,,,,,,,,,,,10:35,1535,0,7,7,3,2,3,,,,,,,
24,Mass.-Dartmouth,D,DA,1,,1.0,10.0,3.0,8.0,18.0,Red Zone High,Pass,Incomplete,0.0,,,Dante Aviles-Sa,,,Incomplete,Antonio Brown,,,,,,,,,,,,,,,,,,,,,,,,,,,,,,,,,,,,10:35,1535,0,7,7,3,2,3,,,,,,,
25,Mass.-Dartmouth,D,DA,1,,1.0,11.0,4.0,8.0,18.0,Red Zone High,Pass,Incomplete,0.0,,,Dante Aviles-Sa,,,Incomplete,Jonathan Bright,,,,Nate Markelon,,,,,,,,,,,,,,,,,,,,,,,,,,,,,,,Downs,10:35,1535,0,7,7,3,2,3,,,,,,,
26,Mass.-Dartmouth,O,MAR,1,,2.0,1.0,0.0,10.0,-18.0,Coming Out,Run,Rush,3.0,Kahlil Bowens,,,,,,,,,,Javien Delgado,Marcus Elysee,,,,,,,,,,,,,,,,,,,,,,,,,,,,,,,08:38,1418,7,0,7,3,3,2,,,,,,,
27,Mass.-Dartmouth,O,MAR,1,,2.0,2.0,2.0,7.0,-21.0,Coming Out,Pass,Complete,3.0,,,Alex Cohen,,,Complete,Devin Tolbert,,,,Logan Chappell,,,,,,,,,,,,,,,,,,,,,,,,,,,,,,,,08:38,1418,7,0,7,3,3,2,,,,,,,
28,Mass.-Dartmouth,O,MAR,1,,2.0,3.0,3.0,10.0,-18.0,Coming Out,Run,Rush,26.0,Alex Cohen,,,,,,,,,,Javien Delgado,JP Mason,,,,,,,,,,,,,,,,,,,,,,,,,,,,,,,08:38,1418,7,0,7,3,3,2,,,,,,,
29,Mass.-Dartmouth,O,MAR,1,,2.0,4.0,1.0,10.0,-44.0,Gold Zone,Pass,Incomplete,0.0,,,Alex Cohen,,,Incomplete,,,,,,,,,,,,,,,,,,,,,,,,,,,,,,,,,,,,,08:38,1418,7,0,7,3,3,2,,,,,,,
30,Mass.-Dartmouth,O,MAR,1,,2.0,5.0,2.0,10.0,-44.0,Gold Zone,Pass,Complete,7.0,,,Alex Cohen,,,Complete,Devin Tolbert,,,,Shane Meerbott,,,,,,,,,,,,,,,,,,,,,,,,,,,,,,,,08:38,1418,7,0,7,3,3,2,,,,,,,
31,Mass.-Dartmouth,O,MAR,1,,2.0,6.0,3.0,3.0,49.0,Go Zone,Pass,Complete,49.0,,,Alex Cohen,,,Complete,Devin Tolbert,,,,,,,,,,,,,,,,,,,,,,,,,,,,,,,True,,,,TD,08:38,1418,7,0,7,3,3,2,,,,,,,
32,Mass.-Dartmouth,K,MAR,1,,,,,,,,Extra Pt.,Good,,,,,,,,,,,,,,,,,,,,,,,,,,,,,,,,Drew Sinclair,,,Good,,,,,,,,,06:06,1266,13,0,13,3,3,2,,,,,,,
33,Mass.-Dartmouth,K,MAR,1,,,,,,,,KO,Return,,,,,,,,,,,,Keenan Stocklin,,,,,,,Malakie Simao,16,27.0,Lorenzo Chavez,54.0,11.0,Return,,,,,,,,,,,,,,,,,,,06:06,1266,14,0,14,3,3,2,,,,,,,
34,Mass.-Dartmouth,D,DA,1,,2.0,1.0,0.0,10.0,-27.0,Gold Zone,Run,Rush,1.0,Marvens Jean,,,,,,,,,,Kyle Couto,Elijah Allston,,,,,,,,,,,,,,,,,,,,,,,,,,,,,,,05:59,1259,0,14,14,3,2,3,,,,,,,
35,Mass.-Dartmouth,D,DA,1,,2.0,2.0,2.0,9.0,-28.0,Gold Zone,Pass,Incomplete,0.0,,,Dante Aviles-Sa,,,Incomplete,Antonio Brown,,,,Lamar Wilkes,,,,,,,,,,,,,,,,,,,,,,,,,,,,,,,,05:59,1259,0,14,14,3,2,3,,,,,,,
36,Mass.-Dartmouth,D,DA,1,,2.0,3.0,3.0,9.0,-28.0,Gold Zone,Pass,Incomplete,0.0,,,Dante Aviles-Sa,,,Incomplete,Easten Coleman,,,,,,,,,,,,,,,,,,,,,,,,,,,,,,,,,,,Punt,05:59,1259,0,14,14,3,2,3,,,,,,,
37,Mass.-Dartmouth,K,DA,1,,,,4.0,9.0,-28.0,Gold Zone,Punt Rec,,,,,,,,,,,,,,,,,,,,,,,,,,,,Matt Gacioch,28.0,44.0,,,,,,,,,,,,,,,05:59,1259,0,14,14,3,2,3,,,,,,,
38,Mass.-Dartmouth,,MAR,1,,,,1.0,10.0,-44.0,Gold Zone,Penalty,Penalty,,,,,,,,,,,,,,,,,,,,,,,,,,,,,,,,,,,,,,,,,,,,04:58,1198,14,0,14,3,3,2,false start,MAR,,,,,5.0
39,Mass.-Dartmouth,O,MAR,1,,3.0,1.0,0.0,15.0,-39.0,Gold Zone,Run,Rush,3.0,Kahlil Bowens,,,,,,,,,,Sam Alicea,Antonio Stakely,,,,,,,,,,,,,,,,,,,,,,,,,,,,,,,04:58,1198,14,0,14,3,3,2,,,,,,,
40,Mass.-Dartmouth,O,MAR,1,,3.0,2.0,2.0,12.0,-42.0,Gold Zone,Run,Rush,-5.0,Jacob Buccola,,,,,,,,,,Jackson Wellman,Trell Best,,,,,,,,,,,,,,,,,,,,,,,,,,,,,,,04:58,1198,14,0,14,3,3,2,,,,,,,
41,Mass.-Dartmouth,O,MAR,1,,3.0,3.0,3.0,17.0,-37.0,Gold Zone,Pass,Incomplete,0.0,,,Alex Cohen,,,Incomplete,Devin Tolbert,,,,Logan Chappell,,,,,,,,,,,,,,,,,,,,,,,,,,,,,,,Punt,04:58,1198,14,0,14,3,3,2,,,,,,,
42,Mass.-Dartmouth,K,MAR,1,,,,4.0,17.0,-37.0,Gold Zone,Punt,Fair Catch,,,,,,,,,,,,,,,,,,,,,,,,,,,Hayden Braga,38.0,25.0,Fair Catch,,,,,,,,,,,,,,04:58,1198,14,0,14,3,3,2,,,,,,,5.0
43,Mass.-Dartmouth,D,DA,1,,3.0,1.0,0.0,10.0,-20.0,Coming Out,Run,Rush,11.0,Jalyn Aponte,,,,,,,,,,Sam Jakana,Marino Vedova,,,,,,,,,,,,,,,,,,,,,,,,,,,,,,,03:14,1094,0,14,14,3,2,3,,,,,,,
44,Mass.-Dartmouth,D,DA,1,,3.0,2.0,1.0,10.0,-31.0,Gold Zone,Run,Rush,2.0,Jalyn Aponte,,,,,,,,,,Terrence Jackso,Elijah Allston,,,,,,,,,,,,,,,,,,,,,,,,,,,,,,,03:14,1094,0,14,14,3,2,3,,,,,,,
45,Mass.-Dartmouth,D,DA,1,,3.0,3.0,2.0,8.0,-33.0,Gold Zone,Run,Rush,1.0,Jalyn Aponte,,,,,,,,,,Kyle Couto,Alvin Martin,,,,,,,,,,,,,,,,,,,,,,,,,,,,,,Punt,03:14,1094,0,14,14,3,2,3,,,,,,,
46,Mass.-Dartmouth,K,DA,1,,,,3.0,7.0,-34.0,Gold Zone,Punt Rec,Return,,,,,,,,,,,,,,,,,,,Justin McMillia,20,40.0,,,,,,Matt Gacioch,46.0,20.0,Return,,,,,,,,,,,,,,03:14,1094,0,14,14,3,2,3,illegal block,MAR,,,,,15.0
47,Mass.-Dartmouth,O,MAR,1,,4.0,1.0,0.0,10.0,-25.0,Coming Out,Pass,Incomplete,0.0,,,Alex Cohen,,,Incomplete,Deandre Wallace,,,,Shane Meerbott,,,,,,,,,,,,,,,,,,,,,,,,,,,,,,,,01:05,965,14,0,14,3,3,2,,,,,,,
48,Mass.-Dartmouth,O,MAR,1,,4.0,2.0,2.0,10.0,-25.0,Coming Out,Pass,Sack,-8.0,,,Alex Cohen,,,Sack,,,,,Javien Delgado,Jackson Wellman,,,,,,,,,,,,,,,,,,,,,,,,,,,,,,,01:05,965,14,0,14,3,3,2,,,,,,,
49,Mass.-Dartmouth,O,MAR,1,,4.0,3.0,3.0,18.0,-17.0,Coming Out,Pass,Incomplete,0.0,,,Alex Cohen,,,Incomplete,,,,,,,,,,,,,,,,,,,,,,,,,,,,,,,,,,,,Punt,01:05,965,14,0,14,3,3,2,,,,,,,
50,Mass.-Dartmouth,K,MAR,1,,,,4.0,18.0,-17.0,Coming Out,Punt,Return,,,,,,,,,,,,,,,,,,,Angel Arce,0,-49.0,,,,,,Hayden Braga,32.0,-49.0,Return,,,,,,,,,,,,,,01:05,965,14,0,14,3,3,2,illegal motion,MAR,,,,,5.0
