PLAY #,OPP TEAM,ODK,OFF TEAM,QTR,OT #,SERIES,SERIES #,DN,DIST,YARD LN,PLAY TYPE,RESULT,GN/LS,RUSHER,PASSER,PASS RESULT,PASS TARGET,BROKEN UP BY,INTERCEPTED BY,HURRIED BY,TACKLER1,TACKLER2,FUMBLE,FUMBLED BY,FORCED BY,RECOVER TEAM,RECOVERED BY,RETURNER,RETURN YDS,RETURN TO,KICKER,KICK YDS,KICK TO,KICK RESULT,ON-SIDE KICK,PUNTER,PUNT YDS,PUNT TO,PUNT RESULT,BLOCKED BY,PK,FG DIST,FG RESULT,XP RESULT,2 PT RESULT,TAKEN BY,FIRST DOWN,TOUCHDOWN,NO PLAY,NULLIFIED,SAFETY,SERIES END,TIME STAMP,TIME LEFT,OFF SCORE,DEF SCORE,SCORE DIFF,TOL,OFF TOL,DEF TOL,PENALTY1,PEN TEAM1,AGAINST1,PENALTY2,PEN TEAM2,AGAINST2,PENALTY YDS
1,Fitchburg St.,K,FITCHBUR,1,,,,,,,KO Rec,Return,,,,,,,,,Luke Noyes,,,,,,,Messiah Diggs,50,,Mac Kimball,50.0,,Return,,,,,,,,,,,,,,,,,,,15:00,1800,0,0,0,3,3,3,,,,,,,
2,Fitchburg St.,O,WESTERN,1,,1.0,1.0,0.0,10.0,,Run,Rush,1.0,Chad Blaszky,,,,,,,Dakotah Lucero,,,,,,,,,,,,,,,,,,,,,,,,,,,,,,,,15:00,1800,0,0,0,3,3,3,,,,,,,
3,Fitchburg St.,O,WESTERN,1,,1.0,2.0,2.0,9.0,,Pass,Complete,9.0,,John Giller,Complete,Messiah Diggs,,,,Mukandu Ashema,,,,,,,,,,,,,,,,,,,,,,,,,,,,,,,,15:00,1800,0,0,0,3,3,3,,,,,,,
4,Fitchburg St.,O,WESTERN,1,,1.0,3.0,1.0,10.0,,Run,Rush,2.0,Chad Blaszky,,,,,,,Dakotah Lucero,,,,,,,,,,,,,,,,,,,,,,,,,,,,,,,,15:00,1800,0,0,0,3,3,3,,,,,,,
5,Fitchburg St.,O,WESTERN,1,,1.0,4.0,2.0,8.0,,Run,Rush,7.0,Chad Blaszky,,,,,,,Dakotah Lucero,,,,,,,,,,,,,,,,,,,,,,,,,,,,,,,,15:00,1800,0,0,0,3,3,3,,,,,,,
6,Fitchburg St.,,WESTERN,1,,,,3.0,1.0,,Penalty,Penalty,,,,,,,,,,,,,,,,,,,,,,,,,,,,,,,,,,,,,,,,,15:00,1800,0,0,0,3,3,3, false start,WESTERN,Shawn Patterson,Not found,WESTERN,,
7,Fitchburg St.,O,WESTERN,1,,1.0,5.0,3.0,7.0,,Pass,Complete,14.0,,John Giller,Complete,Julian Ferguson,,,,Torrian Wise Jr.,Rodny Bonhomme,,,,,,,,,,,,,,,,,,,,,,,,,,,,,,,15:00,1800,0,0,0,3,3,3,,,,,,,
8,Fitchburg St.,O,WESTERN,1,,1.0,6.0,1.0,10.0,43.0,Pass,Complete,4.0,,John Giller,Complete,Jahzaari Mullings,,,,Rodny Bonhomme,,,,,,,,,,,,,,,,,,,,,,,,,,,,,,,,15:00,1800,0,0,0,3,3,3,,,,,,,
9,Fitchburg St.,O,WESTERN,1,,1.0,7.0,2.0,14.0,47.0,Pass,Incomplete,0.0,,John Giller,Incomplete,Julian Ferguson,,,,,,,,,,,,,,,,,,,,,,,,,,,,,,,,,,,,15:00,1800,0,0,0,3,3,3,,,,,,,
10,Fitchburg St.,O,WESTERN,1,,1.0,8.0,3.0,14.0,47.0,Run,Rush,2.0,John Giller,,,,,,,Gary Spears,,,,,,,,,,,,,,,,,,,,,,,,,,,,,,,Punt,15:00,1800,0,0,0,3,3,3,,,,,,,
11,Fitchburg St.,K,WESTERN,1,,,,4.0,12.0,45.0,Punt,,,,,,,,,,,,,,,,,,,,,,,,,Brandon Ciullo,41.0,4.0,,,,,,,,,,,,,,,15:00,1800,0,0,0,3,3,3,,,,,,,
12,Fitchburg St.,D,FITCHBUR,1,,1.0,1.0,0.0,10.0,-4.0,Run,Rush,0.0,Joseph Haskins,,,,,,,L. Pappalardo,,,,,,,,,,,,,,,,,,,,,,,,,,,,,,,,10:13,1513,0,0,0,3,3,3,,,,,,,
13,Fitchburg St.,D,FITCHBUR,1,,1.0,2.0,2.0,10.0,-4.0,Run,Rush,3.0,Matthew Aguirre,,,,,,,Brian Tucker,,,,,,,,,,,,,,,,,,,,,,,,,,,,,,,,10:13,1513,0,0,0,3,3,3,,,,,,,
14,Fitchburg St.,,FITCHBUR,1,,,,3.0,7.0,-7.0,Penalty,Penalty,,,,,,,,,,,,,,,,,,,,,,,,,,,,,,,,,,,,,,,,,10:13,1513,0,0,0,3,3,3,false start,FITCHBUR,Amzie Hinkley,,,,2.0
15,Fitchburg St.,D,FITCHBUR,1,,1.0,3.0,3.0,9.0,-5.0,Pass,Complete,3.0,,Joseph Haskins,Complete,Benjamin Palizay,,,,Matt Forti,Peter Bencivengo,,,,,,,,,,,,,,,,,,,,,,,,,,,,,,Punt,10:13,1513,0,0,0,3,3,3,,,,,,,
16,Fitchburg St.,K,FITCHBUR,1,,,,4.0,6.0,-8.0,Punt Rec,Return,,,,,,,,,,,,,,,,Messiah Diggs,,-35.0,,,,,,Joseph Haskins,25.0,-33.0,Return,,,,,,,,,,,,,,10:13,1513,0,0,0,3,3,3,,,,,,,
17,Fitchburg St.,O,WESTERN,1,,2.0,1.0,0.0,10.0,35.0,Run,Rush,7.0,John Giller,,,,,,,Ivanildo DaMoura,,,,,,,,,,,,,,,,,,,,,,,,,,,,,,,,07:48,1368,0,0,0,3,3,3,,,,,,,
18,Fitchburg St.,O,WESTERN,1,,2.0,2.0,2.0,3.0,28.0,Run,Rush,0.0,Chad Blaszky,,,,,,,Rodny Bonhomme,,,,,,,,,,,,,,,,,,,,,,,,,,,,,,,,07:48,1368,0,0,0,3,3,3,,,,,,,
19,Fitchburg St.,O,WESTERN,1,,2.0,3.0,3.0,3.0,28.0,Run,Rush,2.0,Mack Driver,,,,,,,Torrian Wise Jr.,,,,,,,,,,,,,,,,,,,,,,,,,,,,,,,,07:48,1368,0,0,0,3,3,3,,,,,,,
20,Fitchburg St.,O,WESTERN,1,,2.0,4.0,4.0,1.0,26.0,Run,Rush,10.0,Mack Driver,,,,,,,Ivanildo DaMoura,,,,,,,,,,,,,,,,,,,,,,,,,,,,,,,,07:48,1368,0,0,0,3,3,3,face mask,FITCHBUR,Ivanildo DaMoura,,,,7.0
21,Fitchburg St.,O,WESTERN,1,,2.0,5.0,1.0,9.0,9.0,Run,Rush,9.0,Mack Driver,,,,,,,,,,,,,,,,,,,,,,,,,,,,,,,,,,True,,,,TD,07:48,1368,0,0,0,3,3,3,,,,,,,
22,Fitchburg St.,K,WESTERN,1,,,,1.0,3.0,3.0,Extra Pt.,Good,,,,,,,,,,,,,,,,,,,,,,,,,,,,,Anthony Weidtman,,,Good,,,,,,,,,05:29,1229,6,0,6,3,3,3,,,,,,,
23,Fitchburg St.,K,WESTERN,1,,,,1.0,10.0,,KO,Return,,,,,,,,,Troy Pomykala,,,,,,,Benjamin Palizay,14,17.0,Anthony Weidtman,62.0,3.0,Return,,,,,,,,,,,,,,,,,,,05:29,1229,7,0,7,3,3,3,,,,,,,
24,Fitchburg St.,D,FITCHBUR,1,,2.0,1.0,0.0,10.0,-17.0,Run,Rush,6.0,Tahjeron Wade,,,,,,,Corey Tehe,Michael Diconstanzo,,,,,,,,,,,,,,,,,,,,,,,,,,,,,,,05:29,1229,0,7,7,3,3,3,,,,,,,
25,Fitchburg St.,D,FITCHBUR,1,,2.0,2.0,2.0,4.0,-23.0,Run,Rush,-3.0,Matthew Aguirre,,,,,,,Raquell Davis,,,,,,,,,,,,,,,,,,,,,,,,,,,,,,,,05:29,1229,0,7,7,3,3,3,,,,,,,
26,Fitchburg St.,D,FITCHBUR,1,,2.0,3.0,3.0,7.0,-20.0,Run,Rush,4.0,Justyn Stanford,,,,,,,Brian Tucker,,,,,,,,,,,,,,,,,,,,,,,,,,,,,,,,05:29,1229,0,7,7,3,3,3,,,,,,,
27,Fitchburg St.,D,FITCHBUR,1,,2.0,4.0,4.0,3.0,-24.0,Run,Rush,-14.0,,,,,,,,,,,,,,,,,,,,,,,,,,,,,,,,,,,,,,,Downs,05:29,1229,0,7,7,3,3,3,,,,,,,
28,Fitchburg St.,O,WESTERN,1,,3.0,1.0,0.0,10.0,10.0,Run,Rush,1.0,John Giller,,,,,,,Lessie Jones IV,,,,,,,,,,,,,,,,,,,,,,,,,,,,,,,,03:15,1095,7,0,7,3,3,3,,,,,,,
29,Fitchburg St.,O,WESTERN,1,,3.0,2.0,2.0,9.0,9.0,Pass,Incomplete,0.0,,Mack Driver,Incomplete,David Ross,,,,,,,,,,,,,,,,,,,,,,,,,,,,,,,,,,,,03:15,1095,7,0,7,3,3,3,,,,,,,
30,Fitchburg St.,O,WESTERN,1,,3.0,3.0,3.0,9.0,9.0,Pass,Complete,9.0,,John Giller,Complete,Julian Ferguson,,,,,,,,,,,,,,,,,,,,,,,,,,,,,,,True,,,,TD,03:15,1095,7,0,7,3,3,3,,,,,,,
31,Fitchburg St.,,WESTERN,1,,,,1.0,3.0,3.0,Timeout,Timeout,,,,,,,,,,,,,,,,,,,,,,,,,,,,,,,,,,Fitchburg St.,,,,,,,02:20,1040,13,0,13,3,3,3,,,,,,,
32,Fitchburg St.,K,WESTERN,1,,,,1.0,3.0,3.0,Extra Pt.,Good,,,,,,,,,,,,,,,,,,,,,,,,,,,,,Anthony Weidtman,,,Good,,,,,,,,,02:20,1040,13,0,13,3,3,2,,,,,,,
33,Fitchburg St.,K,WESTERN,1,,,,1.0,10.0,,KO,Return,,,,,,,,,Ethan Ceriano,,,,,,,Jordan Dickerson,14,25.0,Anthony Weidtman,54.0,11.0,Return,,,,,,,,,,,,,,,,,,,02:20,1040,14,0,14,3,3,2,illegal block,FITCHBUR,,,,,10.0
34,Fitchburg St.,D,FITCHBUR,1,,3.0,1.0,0.0,10.0,-15.0,Run,Rush,-1.0,Tahjeron Wade,,,,,,,Charles Davis,,,,,,,,,,,,,,,,,,,,,,,,,,,,,,,,02:20,1040,0,14,14,3,2,3,,,,,,,
35,Fitchburg St.,D,FITCHBUR,1,,3.0,2.0,2.0,11.0,-14.0,Run,Rush,3.0,Joseph Haskins,,,,,,,Michael Diconstanzo,,,,,,,,,,,,,,,,,,,,,,,,,,,,,,,,02:20,1040,0,14,14,3,2,3,,,,,,,
36,Fitchburg St.,D,FITCHBUR,1,,3.0,3.0,3.0,8.0,-17.0,Pass,Incomplete,0.0,,Joseph Haskins,Incomplete,Timothy O'Neill,,,,,,,,,,,,,,,,,,,,,,,,,,,,,,,,,,,Punt,02:20,1040,0,14,14,3,2,3,,,,,,,
37,Fitchburg St.,K,FITCHBUR,1,,,,4.0,8.0,-17.0,Punt Rec,Return,,,,,,,,,Devin Current,Logan Perez,,,,,,Messiah Diggs,12,-35.0,,,,,,Joseph Haskins,30.0,-47.0,Return,,,,,,,,,,,,,,02:20,1040,0,14,14,3,2,3,,,,,,,
38,Fitchburg St.,O,WESTERN,1,,4.0,1.0,0.0,10.0,35.0,Run,Rush,3.0,Chad Blaszky,,,,,,,Andrew Winningham,,,,,,,,,,,,,,,,,,,,,,,,,,,,,,,,00:35,935,14,0,14,3,3,2,,,,,,,
39,Fitchburg St.,O,WESTERN,1,,4.0,2.0,2.0,7.0,32.0,Pass,Incomplete,0.0,,John Giller,Incomplete,Shakespeare Rodriguez,,,,,,,,,,,,,,,,,,,,,,,,,,,,,,,,,,,,00:35,935,14,0,14,3,3,2,,,,,,,
40,Fitchburg St.,O,WESTERN,2,,4.0,3.0,3.0,7.0,32.0,Pass,Incomplete,0.0,,John Giller,Incomplete,Julian Ferguson,,,,Gary Spears,,,,,,,,,,,,,,,,,,,,,,,,,,,,,,,,15:00,900,14,0,14,3,3,2,roughing the passer,FITCHBUR,Rodny Bonhomme,,,,15.0
41,Fitchburg St.,O,WESTERN,2,,4.0,4.0,1.0,10.0,17.0,Pass,Complete,17.0,,John Giller,Complete,Chad Blaszky,,,,,,,,,,,,,,,,,,,,,,,,,,,,,,,True,,,,TD,15:00,900,14,0,14,3,3,2,,,,,,,
42,Fitchburg St.,K,WESTERN,2,,,,1.0,3.0,3.0,Extra Pt.,Good,,,,,,,,,,,,,,,,,,,,,,,,,,,,,Anthony Weidtman,,,Good,,,,,,,,,14:25,865,20,0,20,3,3,2,,,,,,,
43,Fitchburg St.,K,WESTERN,2,,,,1.0,10.0,,KO,Return,,,,,,,,,Ethan Ceriano,,,,,,,Jordan Dickerson,10,22.0,Anthony Weidtman,53.0,12.0,Return,,,,,,,,,,,,,,,,,,,14:25,865,21,0,21,3,3,2,,,,,,,
44,Fitchburg St.,D,FITCHBUR,2,,4.0,1.0,0.0,10.0,-22.0,Run,Rush,0.0,Matthew Aguirre,,,,,,,Matt Forti,,,,,,,,,,,,,,,,,,,,,,,,,,,,,,,,14:25,865,0,21,21,3,2,3,,,,,,,
45,Fitchburg St.,D,FITCHBUR,2,,4.0,2.0,2.0,10.0,-22.0,Pass,Complete,3.0,,Joseph Haskins,Complete,Matthew Aguirre,,,,Mileeq Green,,,,,,,,,,,,,,,,,,,,,,,,,,,,,,,,14:25,865,0,21,21,3,2,3,,,,,,,
46,Fitchburg St.,D,FITCHBUR,2,,4.0,3.0,3.0,13.0,-19.0,Pass,Incomplete,0.0,,Joseph Haskins,Incomplete,Gabriel Mangrum,,,,,,,,,,,,,,,,,,,,,,,,,,,,,,,,,,,Punt,14:25,865,0,21,21,3,2,3,,,,,,,
47,Fitchburg St.,K,FITCHBUR,2,,,,4.0,13.0,-19.0,Punt Rec,Fair Catch,,,,,,,,,,,,,,,,,,,,,,,,Joseph Haskins,22.0,-41.0,Fair Catch,,,,,,,,,,,,,,14:25,865,0,21,21,3,2,3,,,,,,,
48,Fitchburg St.,O,WESTERN,2,,5.0,1.0,0.0,10.0,41.0,Run,Rush,8.0,John Giller,,,,,,,Ivanildo DaMoura,,,,,,,,,,,,,,,,,,,,,,,,,,,,,,,,12:30,750,21,0,21,3,3,2,,,,,,,
49,Fitchburg St.,O,WESTERN,2,,5.0,2.0,2.0,2.0,33.0,Run,Rush,4.0,Mack Driver,,,,,,,Dakotah Lucero,,,,,,,,,,,,,,,,,,,,,,,,,,,,,,,,12:30,750,21,0,21,3,3,2,,,,,,,
50,Fitchburg St.,,WESTERN,2,,,,1.0,10.0,29.0,Timeout,Timeout,,,,,,,,,,,,,,,,,,,,,,,,,,,,,,,,,,Western Conn. St.,,,,,,,12:30,750,21,0,21,3,3,2,,,,,,,
51,Fitchburg St.,O,WESTERN,2,,5.0,3.0,1.0,10.0,29.0,Pass,Incomplete,0.0,,John Giller,Incomplete,Walter Crain,,,,Lessie Jones IV,,,,,,,,,,,,,,,,,,,,,,,,,,,,,,,,11:15,675,21,0,21,2,2,2,,,,,,,
52,Fitchburg St.,O,WESTERN,2,,5.0,4.0,2.0,10.0,29.0,Run,Rush,11.0,John Giller,,,,,,,,,,,,,,,,,,,,,,,,,,,,,,,,,,,,,,,11:15,675,21,0,21,2,2,2,,,,,,,
53,Fitchburg St.,O,WESTERN,2,,5.0,5.0,1.0,10.0,18.0,Run,Rush,18.0,Chad Blaszky,,,,,,,,,,,,,,,,,,,,,,,,,,,,,,,,,,True,,,,TD,11:15,675,21,0,21,2,2,2,,,,,,,
54,Fitchburg St.,K,WESTERN,2,,,,1.0,3.0,3.0,Extra Pt.,Good,,,,,,,,,,,,,,,,,,,,,,,,,,,,,Anthony Weidtman,,,Good,,,,,,,,,10:15,615,27,0,27,2,2,2,,,,,,,
55,Fitchburg St.,K,WESTERN,2,,,,1.0,10.0,,KO,Return,,,,,,,,,Michael Diconstanzo,,,,,,,Benjamin Palizay,13,22.0,Anthony Weidtman,56.0,9.0,Return,,,,,,,,,,,,,,,,,,,10:15,615,28,0,28,2,2,2,,,,,,,
