PLAY #,OPP TEAM,ODK,OFF TEAM,QTR,OT #,SERIES,SERIES #,DN,DIST,YARD LN,FIELD ZONE,PLAY TYPE,RESULT,GN/LS,RUSHER PBP,RUSH DIRECTION,PASSER PBP,PASS DEPTH,PASS DIRECTION,PASS RESULT,PASS TARGET PBP,BROKEN UP BY PBP,INTERCEPTED BY PBP,HURRIED BY PBP,TACKLER1 PBP,TACKLER2 PBP,FUMBLE,FUMBLED BY PBP,FORCED BY PBP,RECOVER TEAM,RECOVERED BY PBP,RETURNER PBP,RETURN YDS,RETURN TO,KICKER PBP,KICK YDS,KICK TO,KICK RESULT,ON-SIDE KICK,PUNTER PBP,PUNT YDS,PUNT TO,PUNT RESULT,BLOCKED BY PBP,PK,FG DIST,FG RESULT,XP RESULT,2 PT RESULT,TAKEN BY,FIRST DOWN,TOUCHDOWN,NO PLAY,NULLIFIED,SAFETY,SERIES END,TIME STAMP,TIME LEFT,OFF SCORE,DEF SCORE,SCORE DIFF,TOL,OFF TOL,DEF TOL,PENALTY1,PEN TEAM1,AGAINST1,PENALTY2,PEN TEAM2,AGAINST2,PENALTY YDS
1,Pomona-Pitzer,K,WIL,1,,,,,,,,KO,Return,,,,,,,,,,,,Michael Wong,,,,,,,,17,22.0,Nick Beswick-Seidl,60.0,5.0,Return,,,,,,,,,,,,,,,,,,,15:00,1800,0,0,0,3,3,3,,,,,,,
2,Pomona-Pitzer,D,PP,1,,1.0,1.0,0.0,10.0,22.0,Take A Shot,Run,Rush,14.0,Shotgun Nobles,left,,,,,,,,,Dominic Corado,,,,,,,,,,,,,,,,,,,,,,,,,,True,,,,,,14:54,1794,0,0,0,3,3,3,,,,,,,
3,Pomona-Pitzer,D,PP,1,,1.0,2.0,1.0,10.0,36.0,Go Zone,Run,Rush,3.0,No Huddle-Shotgun,left,,,,,,,,,Landon Waters,,,,,,,,,,,,,,,,,,,,,,,,,,,,,,,,14:54,1794,0,0,0,3,3,3,,,,,,,
4,Pomona-Pitzer,D,PP,1,,1.0,3.0,2.0,7.0,39.0,Go Zone,Run,Rush,5.0,No Huddle-Shotgun,middle,,,,,,,,,Christopher Brown,,,,,,,,,,,,,,,,,,,,,,,,,,,,True,,,,14:54,1794,0,0,0,3,3,3,Holding,PP,,,,,10.0
5,Pomona-Pitzer,D,PP,1,,1.0,4.0,2.0,17.0,29.0,Take A Shot,Pass,Complete,5.0,,,,short,left,Complete,Domminick for Norris,,,,Dylan Hall,,,,,,,,,,,,,,,,,,,,,,,,,,,,,,,,14:54,1794,0,0,0,3,3,3,,,,,,,
6,Pomona-Pitzer,D,PP,1,,1.0,5.0,3.0,12.0,34.0,Take A Shot,Pass,Complete,2.0,,,,short,middle,Complete,Kenric for Jameison,,,,Dylan Hall,,,,,,,,,,,,,,,,,,,,,,,,,,,,,,,Punt,14:54,1794,0,0,0,3,3,3,,,,,,,
7,Pomona-Pitzer,K,PP,1,,,,4.0,10.0,36.0,Go Zone,Punt Rec,,,,,,,,,,,,,,,,,,,,,,,,,,,,Cameron punt Shirangi,25.0,39.0,,,,,,,,,,,,,,,14:54,1794,0,0,0,3,3,3,,,,,,,10.0
8,Pomona-Pitzer,O,WIL,1,,1.0,1.0,0.0,10.0,-29.0,Gold Zone,Run,Rush,4.0,Joseph Castillo,right,,,,,,,,,Nate Barewin,Thomas McConnell,,,,,,,,,,,,,,,,,,,,,,,,,,,,,,,12:26,1646,0,0,0,3,3,3,,,,,,,
9,Pomona-Pitzer,O,WIL,1,,1.0,2.0,2.0,6.0,-33.0,Gold Zone,Pass,Complete,1.0,,,Dante Chaney,short,right,Complete,Joseph Castillo,,,,Eamon Glascott,,,,,,,,,,,,,,,,,,,,,,,,,,,,,,,,12:26,1646,0,0,0,3,3,3,,,,,,,
10,Pomona-Pitzer,O,WIL,1,,1.0,3.0,3.0,5.0,-34.0,Gold Zone,Run,Rush,1.0,Joseph Castillo,middle,,,,,,,,,Ethan Shank,Thali Cobb,,,,,,,,,,,,,,,,,,,,,,,,,,,,,,Punt,12:26,1646,0,0,0,3,3,3,,,,,,,
11,Pomona-Pitzer,K,WIL,1,,,,4.0,4.0,-35.0,Gold Zone,Punt,,,,,,,,,,,,,,,,,,,,,,,,,,,,George Wiles-Koehler,46.0,19.0,,,,,,,,,,,,,,,12:26,1646,0,0,0,3,3,3,,,,,,,
12,Pomona-Pitzer,D,PP,1,,2.0,1.0,0.0,10.0,19.0,Red Zone High,Pass,Complete,81.0,,,,deep,left,Complete,Ryan for Rosumny,,,,,,,,,,,,,,,,,,,,,,,,,,,,,,True,True,,,,TD,10:02,1502,0,0,0,3,3,3,,,,,,,
13,Pomona-Pitzer,K,PP,1,,,,,,,,Extra Pt. Block,Good,,,,,,,,,,,,Charlie H: Russo,,,,,,,,,,,,,,,,,,,,Kyler kick Parris,,,Good,,,,,,,,,09:49,1489,6,0,-6,3,3,3,,,,,,,
14,Pomona-Pitzer,K,PP,1,,,,,,,,KO Rec,Return,,,,,,,,,,,,Tanner Gomes,,,,,,,Tyler Epefanio,35,44.0,Cameron kickoff Shirangi,56.0,9.0,Return,,,,,,,,,,,,,,,,,,,09:49,1489,7,0,-7,3,3,3,,,,,,,
15,Pomona-Pitzer,O,WIL,1,,2.0,1.0,0.0,10.0,-44.0,Gold Zone,Run,Rush,2.0,Joseph Castillo,middle,,,,,,,,,Thali Cobb,,,,,,,,,,,,,,,,,,,,,,,,,,,,,,,,09:49,1489,0,7,-7,3,3,3,,,,,,,
16,Pomona-Pitzer,O,WIL,1,,2.0,2.0,2.0,8.0,-46.0,Go Zone,Run,Rush,2.0,Dante Chaney,middle,,,,,,,,,Nicholas DelBiaggio,,,,,,,,,,,,,,,,,,,,,,,,,,,,,,,,09:49,1489,0,7,-7,3,3,3,,,,,,,
17,Pomona-Pitzer,O,WIL,1,,2.0,3.0,3.0,6.0,-48.0,Go Zone,Pass,Incomplete,0.0,,,Dante Chaney,short,middle,Incomplete,Justin Genovia,,,,,,,,,,,,,,,,,,,,,,,,,,,,,,,,,,,Punt,09:49,1489,0,7,-7,3,3,3,,,,,,,
18,Pomona-Pitzer,K,WIL,1,,,,4.0,6.0,-48.0,Go Zone,Punt,,,,,,,,,,,,,,,,,,,,,,,,,,,,George Wiles-Koehler,51.0,1.0,,,,,,,,,,,,,,,09:49,1489,0,7,-7,3,3,3,,,,,,,
19,Pomona-Pitzer,,PP,1,,,,1.0,10.0,1.0,Red Zone Low,Penalty,Penalty,,,,,,,,,,,,,,,,,,,,,,,,,,,,,,,,,,,,,,,,,,,,07:55,1375,7,0,-7,3,3,3,False Start,PP,,,,,
20,Pomona-Pitzer,D,PP,1,,3.0,1.0,0.0,10.0,1.0,Red Zone Low,Run,Rush,5.0,Shotgun Nobles,middle,,,,,,,,,Christian Tovar,,,,,,,,,,,,,,,,,,,,,,,,,,,,,,,,07:55,1375,7,0,-7,3,3,3,,,,,,,
21,Pomona-Pitzer,D,PP,1,,3.0,2.0,2.0,5.0,6.0,Red Zone,Pass,Complete,3.0,,,,short,left,Complete,Quinten for Wimmer,,,,Landon Waters,Luke Lowe,,,,,,,,,,,,,,,,,,,,,,,,,,,,,,,07:55,1375,7,0,-7,3,3,3,,,,,,,
22,Pomona-Pitzer,D,PP,1,,3.0,3.0,3.0,2.0,9.0,Red Zone,Run,Rush,12.0,Shotgun Nobles,middle,,,,,,,,,Raymond Pasay,,,,,,,,,,,,,,,,,,,,,,,,,,True,,,,,,07:55,1375,7,0,-7,3,3,3,,,,,,,
23,Pomona-Pitzer,D,PP,1,,3.0,4.0,1.0,10.0,21.0,Take A Shot,Pass,Complete,9.0,,,,short,middle,Complete,Will for Radice,,,,Dylan Hall,,,,,,,,,,,,,,,,,,,,,,,,,,,,,,,,07:55,1375,7,0,-7,3,3,3,,,,,,,
24,Pomona-Pitzer,D,PP,1,,3.0,5.0,2.0,1.0,30.0,Take A Shot,Run,Rush,24.0,Shotgun Nobles,middle,,,,,,,,,John Kenny,,,,,,,,,,,,,,,,,,,,,,,,,,True,,,,,,07:55,1375,7,0,-7,3,3,3,,,,,,,
25,Pomona-Pitzer,D,PP,1,,3.0,6.0,1.0,10.0,46.0,Go Zone,Run,Rush,3.0,Shotgun Nobles,middle,,,,,,,,,Dylan Hall,,,,,,,,,,,,,,,,,,,,,,,,,,,,,,,,07:55,1375,7,0,-7,3,3,3,,,,,,,
26,Pomona-Pitzer,D,PP,1,,3.0,7.0,2.0,7.0,43.0,Go Zone,Pass,Complete,11.0,,,,deep,middle,Complete,Domminick for Norris,,,,La'Akea Like,,,,,,,,,,,,,,,,,,,,,,,,,,True,,,,,,07:55,1375,7,0,-7,3,3,3,,,,,,,
27,Pomona-Pitzer,D,PP,1,,3.0,8.0,1.0,10.0,32.0,Take A Shot,Pass,Complete,1.0,,,,short,right,Complete,Clark for Baker,,,,,,,,,,,,,,,,,,,,,,,,,,,,,,,,,,,,07:55,1375,7,0,-7,3,3,3,,,,,,,
28,Pomona-Pitzer,D,PP,1,,3.0,9.0,2.0,11.0,33.0,Take A Shot,Run,Rush,7.0,Shotgun Norris,middle,,,,,,,,,La'Akea Like,,,,,,,,,,,,,,,,,,,,,,,,,,,,,,,,07:55,1375,7,0,-7,3,3,3,,,,,,,
29,Pomona-Pitzer,D,PP,1,,3.0,10.0,3.0,4.0,26.0,Take A Shot,Pass,Incomplete,0.0,,,,short,left,Incomplete,,,,,,,,,,,,,,,,,,,,,,,,,,,,,,,,,,,,,07:55,1375,7,0,-7,3,3,3,,,,,,,
30,Pomona-Pitzer,D,PP,1,,3.0,11.0,4.0,4.0,26.0,Take A Shot,Pass,Complete,26.0,,,,deep,right,Complete,Clark for Baker,,,,,,,,,,,,,,,,,,,,,,,,,,,,,,True,True,,,,TD,07:55,1375,7,0,-7,3,3,3,,,,,,,
31,Pomona-Pitzer,K,PP,1,,,,,,,,Extra Pt. Block,Good,,,,,,,,,,,,Charlie H: Russo,,,,,,,,,,,,,,,,,,,,Kyler kick Parris,,,Good,,,,,,,,,01:57,1017,13,0,-13,3,3,3,,,,,,,
32,Pomona-Pitzer,K,PP,1,,,,,,,,KO Rec,Return,,,,,,,,,,,,,,,,,,,Tyler Epefanio,14,25.0,Cameron kickoff Shirangi,54.0,11.0,Return,,,,,,,,,,,,,,,,,,,01:57,1017,14,0,-14,3,3,3,,,,,,,
33,Pomona-Pitzer,O,WIL,1,,3.0,1.0,0.0,10.0,-25.0,Coming Out,Run,Rush,1.0,Steven Wright,middle,,,,,,,,,Nate Barewin,Graham Olson,,,,,,,,,,,,,,,,,,,,,,,,,,,,,,,01:57,1017,0,14,-14,3,3,3,,,,,,,
34,Pomona-Pitzer,O,WIL,1,,3.0,2.0,2.0,9.0,-26.0,Gold Zone,Pass,Sack,-5.0,,,Dante Chaney,,,Sack,,,,,Thali Cobb,,,,,,,,,,,,,,,,,,,,,,,,,,,,,,,,01:57,1017,0,14,-14,3,3,3,,,,,,,
35,Pomona-Pitzer,O,WIL,1,,3.0,3.0,3.0,14.0,-21.0,Coming Out,Pass,Incomplete,0.0,,,Dante Chaney,short,middle,Incomplete,Tyler Epefanio,,,,,,,,,,,,,,,,,,,,,,,,,,,,,,,,,,,Punt,01:57,1017,0,14,-14,3,3,3,,,,,,,
36,Pomona-Pitzer,K,WIL,1,,,,4.0,14.0,-21.0,Coming Out,Punt,Out of bounds,,,,,,,,,,,,,,,,,,,,,,,,,,,George Wiles-Koehler,29.0,50.0,Out of bounds,,,,,,,,,,,,,,01:57,1017,0,14,-14,3,3,3,,,,,,,
37,Pomona-Pitzer,D,PP,1,,4.0,1.0,0.0,10.0,50.0,Go Zone,Run,Rush,-6.0,Shotgun Norris,left,,,,,,,,,Raymond Pasay,,,,,,,,,,,,,,,,,,,,,,,,,,,,,,,,00:25,925,14,0,-14,3,3,3,,,,,,,
38,Pomona-Pitzer,D,PP,2,,4.0,2.0,2.0,16.0,44.0,Go Zone,Pass,Incomplete,0.0,,,,short,right,Incomplete,,,,,,,,,,,,,,,,,,,,,,,,,,,,,,,,,,,,,15:00,900,14,0,-14,3,3,3,,,,,,,
39,Pomona-Pitzer,D,PP,2,,4.0,3.0,3.0,16.0,44.0,Go Zone,Run,Rush,18.0,Shotgun Nobles,middle,,,,,,,,,Christopher Brown,,,,,,,,,,,,,,,,,,,,,,,,,,True,,,,,,15:00,900,14,0,-14,3,3,3,,,,,,,15.0
40,Pomona-Pitzer,D,PP,2,,4.0,4.0,1.0,10.0,23.0,Take A Shot,Pass,Complete,9.0,,,,short,middle,Complete,Sander for Wimmer,,,,Christian Tovar,Raymond Pasay,,,,,,,,,,,,,,,,,,,,,,,,,,,,,,,15:00,900,14,0,-14,3,3,3,,,,,,,
41,Pomona-Pitzer,D,PP,2,,4.0,5.0,2.0,1.0,14.0,Red Zone High,Run,Rush,10.0,Shotgun Norris,middle,,,,,,,,,Dylan Hall,Dominic Corado,,,,,,,,,,,,,,,,,,,,,,,,,True,,,,,,15:00,900,14,0,-14,3,3,3,,,,,,,
42,Pomona-Pitzer,D,PP,2,,4.0,6.0,1.0,4.0,4.0,Red Zone Low,Run,Rush,4.0,Shotgun Nobles,middle,,,,,,,,,,,,,,,,,,,,,,,,,,,,,,,,,,,,True,,,,TD,15:00,900,14,0,-14,3,3,3,,,,,,,
43,Pomona-Pitzer,K,PP,2,,,,,,,,Extra Pt. Block,Good,,,,,,,,,,,,Charlie H: Russo,,,,,,,,,,,,,,,,,,,,Kyler kick Parris,,,Good,,,,,,,,,13:21,801,20,0,-20,3,3,3,,,,,,,
44,Pomona-Pitzer,K,PP,2,,,,,,,,KO Rec,Return,,,,,,,,,,,,Thomas McConnell,,,,,,,Dom Thornton,20,20.0,Cameron kickoff Shirangi,65.0,0.0,Return,,,,,,,,,,,,,,,,,,,13:21,801,21,0,-21,3,3,3,,,,,,,
45,Pomona-Pitzer,,WIL,2,,,,1.0,15.0,-15.0,Coming Out,Timeout,Timeout,,,,,,,,,,,,,,,,,,,,,,,,,,,,,,,,,,,,,Willamette,,,,,,,13:21,801,0,21,-21,3,3,3,,,,,,,
46,Pomona-Pitzer,O,WIL,2,,4.0,1.0,0.0,10.0,-20.0,Coming Out,Pass,Complete,1.0,,,Aidan Kuykendall,short,right,Complete,Justin Genovia,,,,David Gorman,Tanner Gomes,,,,,,,,,,,,,,,,,,,,,,,,,,,True,,,,13:14,794,0,21,-21,2,2,3,,,,,,,5.0
47,Pomona-Pitzer,O,WIL,2,,4.0,2.0,1.0,15.0,-15.0,Coming Out,Run,Rush,-1.0,Joseph Castillo,middle,,,,,,,,,Graham Olson,Thali Cobb,,,,,,,,,,,,,,,,,,,,,,,,,,,,,,,13:14,794,0,21,-21,2,2,3,,,,,,,
48,Pomona-Pitzer,O,WIL,2,,4.0,3.0,2.0,16.0,-14.0,Coming Out,Run,Rush,4.0,Dante Chaney,middle,,,,,,,,,David Gorman,Thomas McConnell,,,,,,,,,,,,,,,,,,,,,,,,,,,,,,,13:14,794,0,21,-21,2,2,3,,,,,,,
49,Pomona-Pitzer,O,WIL,2,,4.0,4.0,3.0,12.0,-18.0,Coming Out,Pass,Incomplete,0.0,,,Dante Chaney,short,right,Incomplete,Jared Paredes,,,,,,,,,,,,,,,,,,,,,,,,,,,,,,,,,,,Punt,13:14,794,0,21,-21,2,2,3,,,,,,,
50,Pomona-Pitzer,K,WIL,2,,,,4.0,12.0,-18.0,Coming Out,Punt,Return,,,,,,,,,,,,La'Akea Like,,,,,,,George return Blue,6,44.0,,,,,,George Wiles-Koehler,32.0,50.0,Return,,,,,,,,,,,,,,13:14,794,0,21,-21,2,2,3,,,,,,,
51,Pomona-Pitzer,D,PP,2,,5.0,1.0,0.0,10.0,44.0,Go Zone,Pass,Complete,11.0,,,,deep,middle,Complete,Quinten for Wimmer,,,,Christopher Brown,La'Akea Like,,,,,,,,,,,,,,,,,,,,,,,,,True,,,,,,11:11,671,21,0,-21,2,3,2,,,,,,,
52,Pomona-Pitzer,D,PP,2,,5.0,2.0,1.0,10.0,45.0,Go Zone,Pass,Incomplete,0.0,,,,short,middle,Incomplete,,,,,,,,,,,,,,,,,,,,,,,,,,,,,,,,,,,,,11:11,671,21,0,-21,2,3,2,,,,,,,
53,Pomona-Pitzer,D,PP,2,,5.0,3.0,2.0,10.0,45.0,Go Zone,Pass,Complete,10.0,,,,short,middle,Complete,Quinten for Wimmer,,,,,,True,Quinten at Wimmer,,PP,Sander at Wimmer,,,40.0,,,,,,,,,,,,,,,,,True,,,,,,11:11,671,21,0,-21,2,3,2,,,,,,,
54,Pomona-Pitzer,D,PP,2,,5.0,4.0,1.0,10.0,35.0,Take A Shot,Run,Rush,6.0,Shotgun Nobles,middle,,,,,,,,,Dom Torres,,,,,,,,,,,,,,,,,,,,,,,,,,,,,,,,11:11,671,21,0,-21,2,3,2,,,,,,,
55,Pomona-Pitzer,D,PP,2,,5.0,5.0,2.0,4.0,29.0,Take A Shot,Run,Rush,23.0,Shotgun Nobles,middle,,,,,,,,,4,,,,,,,,,,,,,,,,,,,,,,,,,,,,,,,,11:11,671,21,0,-21,2,3,2,Illegal Block in Back,PP,,,,,10.0
56,Pomona-Pitzer,D,PP,2,,5.0,6.0,2.0,10.0,35.0,Take A Shot,Pass,Complete,5.0,,,,short,left,Complete,Domminick for Norris,,,,Michael Valtierra,,,,,,,,,,,,,,,,,,,,,,,,,,,,,,,,11:11,671,21,0,-21,2,3,2,,,,,,,
57,Pomona-Pitzer,D,PP,2,,5.0,7.0,3.0,5.0,30.0,Take A Shot,Run,Rush,10.0,Shotgun Nobles,middle,,,,,,,,,AJ Conrad,,,,,,,,,,,,,,,,,,,,,,,,,,True,,,,,,11:11,671,21,0,-21,2,3,2,,,,,,,
58,Pomona-Pitzer,D,PP,2,,5.0,8.0,1.0,10.0,20.0,Red Zone High,Pass,Complete,14.0,,,,deep,left,Complete,Quinten for Wimmer,,,,Christopher Brown,John Kenny,,,,,,,,,,,,,,,,,,,,,,,,,True,,,,,,11:11,671,21,0,-21,2,3,2,,,,,,,
59,Pomona-Pitzer,D,PP,2,,5.0,9.0,1.0,6.0,6.0,Red Zone,Run,Rush,6.0,Shotgun Nobles,middle,,,,,,,,,,,,,,,,,,,,,,,,,,,,,,,,,,,,True,,,,TD,11:11,671,21,0,-21,2,3,2,,,,,,,
60,Pomona-Pitzer,K,PP,2,,,,,,,,Extra Pt. Block,No Good,,,,,,,,,,,,Charlie H: Russo,,,,,,,,,,,,,,,,,,,,Kyler kick Parris,,,No Good,,,,,,,,,07:07,427,27,0,-27,2,3,2,,,,,,,
61,Pomona-Pitzer,K,PP,2,,,,,,,,KO Rec,Return,,,,,,,,,,,,Thomas McConnell,Luca Milano,,,,,,Dom Thornton,14,24.0,Cameron kickoff Shirangi,55.0,10.0,Return,,,,,,,,,,,,,,,,,,,07:07,427,27,0,-27,2,3,2,,,,,,,
62,Pomona-Pitzer,O,WIL,2,,5.0,1.0,0.0,10.0,-24.0,Coming Out,Pass,Sack,-9.0,,,Dante Chaney,,,Sack,,,,,George Cutting,,,,,,,,,,,,,,,,,,,,,,,,,,,,,,,,07:07,427,0,27,-27,2,2,3,,,,,,,
63,Pomona-Pitzer,O,WIL,2,,5.0,2.0,2.0,19.0,-15.0,Coming Out,Run,Rush,6.0,Dante Chaney,middle,,,,,,,,,Nate Barewin,,,,,,,,,,,,,,,,,,,,,,,,,,,,,,,,07:07,427,0,27,-27,2,2,3,,,,,,,
64,Pomona-Pitzer,O,WIL,2,,5.0,3.0,3.0,13.0,-21.0,Coming Out,Pass,Incomplete,0.0,,,Dante Chaney,short,middle,Incomplete,Justin Genovia,,,,,,,,,,,,,,,,,,,,,,,,,,,,,,,,,,,Punt,07:07,427,0,27,-27,2,2,3,,,,,,,
65,Pomona-Pitzer,K,WIL,2,,,,4.0,13.0,-21.0,Coming Out,Punt,Out of bounds,,,,,,,,,,,,,,,,,,,,,,,,,,,George Wiles-Koehler,29.0,50.0,Out of bounds,,,,,,,,,,,,,,07:07,427,0,27,-27,2,2,3,,,,,,,
66,Pomona-Pitzer,D,PP,2,,6.0,1.0,0.0,10.0,50.0,Go Zone,Run,Rush,1.0,Shotgun Baker,right,,,,,,,,,Raymond Pasay,,,,,,,,,,,,,,,,,,,,,,,,,,,,,,,,05:23,323,27,0,-27,2,3,2,,,,,,,
67,Pomona-Pitzer,D,PP,2,,6.0,2.0,2.0,9.0,49.0,Go Zone,Run,Rush,13.0,Shotgun Nobles,middle,,,,,,,,,Landon Waters,,,,,,,,,,,,,,,,,,,,,,,,,,True,,,,,,05:23,323,27,0,-27,2,3,2,,,,,,,
68,Pomona-Pitzer,D,PP,2,,6.0,3.0,1.0,10.0,36.0,Go Zone,Pass,Complete,20.0,,,,deep,middle,Complete,Will for Radice,,,,,,,,,,,,,,,,,,,,,,,,,,,,,,True,,,,,,05:23,323,27,0,-27,2,3,2,,,,,,,
69,Pomona-Pitzer,D,PP,2,,6.0,4.0,1.0,10.0,16.0,Red Zone High,Pass,Complete,7.0,,,,short,right,Complete,Kenric for Jameison,,,,Raymond Pasay,Hogan Smith,,,,,,,,,,,,,,,,,,,,,,,,,,,,,,,05:23,323,27,0,-27,2,3,2,,,,,,,
70,Pomona-Pitzer,D,PP,2,,6.0,5.0,2.0,3.0,9.0,Red Zone,Run,Rush,9.0,Shotgun Nobles,middle,,,,,,,,,,,,,,,,,,,,,,,,,,,,,,,,,,,True,True,,,,TD,05:23,323,27,0,-27,2,3,2,,,,,,,
71,Pomona-Pitzer,K,PP,2,,,,,,,,Extra Pt. Block,Good,,,,,,,,,,,,Charlie H: Russo,,,,,,,,,,,,,,,,,,,,Kyler kick Parris,,,Good,,,,,,,,,02:55,175,33,0,-33,2,3,2,,,,,,,
72,Pomona-Pitzer,K,PP,2,,,,,,,,KO Rec,Return,,,,,,,,,,,,Tanner Gomes,Jake Sugawara,,,,,,Justin Genovia,22,25.0,Cameron kickoff Shirangi,62.0,3.0,Return,,,,,,,,,,,,,,,,,,,02:55,175,34,0,-34,2,3,2,,,,,,,
73,Pomona-Pitzer,O,WIL,2,,6.0,1.0,0.0,10.0,-25.0,Coming Out,Run,Rush,11.0,Justin Genovia,left,,,,,,,,,1,,,,,,,,,,,,,,,,,,,,,,,,,,,,,,,,02:55,175,0,34,-34,2,2,3,,,,,,,10.0
74,Pomona-Pitzer,O,WIL,2,,6.0,2.0,1.0,19.0,-16.0,Coming Out,Run,Rush,5.0,Joseph Castillo,middle,,,,,,,,,Omaru Konneh,,,,,,,,,,,,,,,,,,,,,,,,,,,,,,,,02:55,175,0,34,-34,2,2,3,,,,,,,
75,Pomona-Pitzer,O,WIL,2,,6.0,3.0,2.0,14.0,-21.0,Coming Out,Run,Rush,4.0,Steven Wright,middle,,,,,,,,,George Cutting,,,,,,,,,,,,,,,,,,,,,,,,,,,,,,,,02:55,175,0,34,-34,2,2,3,,,,,,,
76,Pomona-Pitzer,,WIL,2,,,,3.0,10.0,-25.0,Coming Out,Timeout,Timeout,,,,,,,,,,,,,,,,,,,,,,,,,,,,,,,,,,,,,Willamette,,,,,,,02:55,175,0,34,-34,2,2,3,,,,,,,
77,Pomona-Pitzer,O,WIL,2,,6.0,4.0,3.0,10.0,-25.0,Coming Out,Pass,Complete,14.0,,,Aidan Kuykendall,deep,right,Complete,Jared Paredes,,,,Vuishnav Siddapureddy,,,,,,,,,,,,,,,,,,,,,,,,,,True,,,,,,01:30,90,0,34,-34,1,1,3,,,,,,,
78,Pomona-Pitzer,O,WIL,2,,6.0,5.0,1.0,10.0,-39.0,Gold Zone,Run,Rush,3.0,Aidan Kuykendall,middle,,,,,,,,,George Cutting,,,,,,,,,,,,,,,,,,,,,,,,,,,,True,,,,01:30,90,0,34,-34,1,1,3,,,,,,,10.0
79,Pomona-Pitzer,O,WIL,2,,6.0,6.0,1.0,20.0,-29.0,Gold Zone,Run,Rush,0.0,Steven Wright,middle,,,,,,,,,George Cutting,,,,,,,,,,,,,,,,,,,,,,,,,,,,,,,,01:30,90,0,34,-34,1,1,3,,,,,,,
80,Pomona-Pitzer,O,WIL,2,,6.0,7.0,2.0,20.0,-29.0,Gold Zone,Pass,Complete,5.0,,,Aidan Kuykendall,short,right,Complete,Tyler Epefanio,,,,Nate Barewin,,,,,,,,,,,,,,,,,,,,,,,,,,,,,,,Game,01:30,90,0,34,-34,1,1,3,,,,,,,
81,Pomona-Pitzer,K,PP,3,,,,,,,,KO Rec,Return,,,,,,,,,,,,Charlie Russo,,,,,,,Justin Genovia,27,28.0,Cameron kickoff Shirangi,64.0,1.0,Return,,,,,,,,,,,,,,,,,,,15:00,1800,34,0,-34,3,3,3,,,,,,,
